500 0.027808
500 0.005853 

1000 0.058445
1000 0.010355 

5000 0.199992
5000 0.043896 

10000 0.360443
10000 0.087584 

15000 0.540245
15000 0.131025 

20000 0.717394
20000 0.174421 

25000 0.872833
25000 0.219203 

30000 1.056514
30000 0.260840 

35000 1.229579
35000 0.306749 

40000 1.401674
40000 0.347359 

50000 1.728685
50000 0.436287 

60000 2.089330
60000 0.541840 

70000 2.439539
70000 0.607826 

80000 2.776928
80000 0.704694 

90000 3.120799
90000 0.805370 

100000 3.466406
100000 0.889381 

120000 4.153219
120000 1.057276 

140000 4.839783
140000 1.238221 

160000 5.536217
160000 1.421938 

180000 6.222999
180000 1.601411 

200000 6.912071
200000 1.778277 

250000 8.622281
250000 2.226831 

300000 10.335970
300000 2.669874 

400000 13.768670
400000 3.559699 

500000 17.205921
500000 4.446129 

