500 0.016875
500 0.005396 

1000 0.030660
1000 0.007144 

5000 0.113890
5000 0.021726 

10000 0.199279
10000 0.044075 

15000 0.285817
15000 0.065358 

20000 0.369166
20000 0.088327 

25000 0.454177
25000 0.109732 

30000 0.533902
30000 0.131172 

35000 0.632397
35000 0.152754 

40000 0.719222
40000 0.176903 

50000 0.900377
50000 0.222608 

60000 1.062959
60000 0.260989 

70000 1.228187
70000 0.310364 

80000 1.407401
80000 0.355402 

90000 1.576900
90000 0.399006 

100000 1.751151
100000 0.438815 

120000 2.108635
120000 0.538103 

140000 2.438275
140000 0.618448 

160000 2.778548
160000 0.715080 

180000 3.127271
180000 0.799438 

200000 3.491873
200000 0.891888 

250000 4.333964
250000 1.112670 

300000 5.189247
300000 1.332178 

400000 6.908542
400000 1.785058 

500000 8.746678
500000 2.224504 

